Run 1:
1  T0.010S 0.4167317 0.3960821 1.017636 0.4935578 8.672    0.01

Run 2:
1  T0.010S 0.354532 0.2432751 0.6522877 0.5232043 8.672    0.01

Run 3:
1  T0.010S 0.3912535 0.2431453 0.7241415 0.5190944 8.672    0.01

1  T0.010S 0.332307 0.3697749 0.7390803 1.744593 8.672

1  T0.010S 2.707533 0.7832272 0.5919023 1.763467 8.672

1  T0.010S 0.3842542 0.240448 0.7285891 0.5226085 8.672

1  T0.010S 2.153042 0.5459459 0.8540834 1.594331 8.672

1  T0.010S 0.37723 0.2600638 0.7248862 0.5286406 8.672

1  T0.010S 0.3902765 0.5372593 2.480064 0.4856708 8.672

1  T0.010S 0.3852324 0.2417072 0.7261468 0.5199228 8.672

1  T0.010S 0.3818477 0.2377288 0.7281964 0.5140446 8.672

1  T0.010S 0.03544741 0.04513955 1.457007 0.8800194 8.672

1  T0.010S 0.7711525 1.485441 0.9350181 3.362632 8.672

Non Random